"Ncas" "NTem" "Strate" "TAB" "ALC" "cancer"
0 43 1 1 1 0
0 21 1 1 2 0
0 6 1 1 3 0
0 2 1 1 4 0
0 18 1 2 1 0
0 15 1 2 2 0
0 23 1 3 1 0
0 23 1 3 2 0
0 4 1 3 3 0
1 2 1 3 4 1
0 8 1 4 1 0
0 8 1 4 2 0
0 1 1 4 4 0
0 26 2 1 1 0
0 23 2 1 2 0
0 9 2 1 3 0
0 3 2 1 4 0
0 11 2 2 1 0
0 15 2 2 2 0
0 6 2 2 3 0
1 3 2 2 4 1
1 11 2 3 1 1
1 18 2 3 2 1
1 8 2 3 3 1
2 3 2 3 4 1
0 12 2 4 1 0
0 5 2 4 2 0
0 5 2 4 3 0
2 1 2 4 4 1
0 20 3 1 1 0
1 23 3 1 2 1
0 11 3 1 3 0
1 3 3 1 4 1
1 16 3 2 1 1
3 17 3 2 2 1
7 5 3 2 3 1
7 3 3 2 4 1
3 13 3 3 1 1
7 17 3 3 2 1
8 6 3 3 3 1
7 4 3 3 4 1
1 8 3 4 1 1
1 10 3 4 2 1
3 10 3 4 3 1
8 1 3 4 4 1
0 28 4 1 1 0
2 20 4 1 2 1
1 9 4 1 3 1
1 3 4 1 4 1
1 12 4 2 1 1
7 13 4 2 2 1
3 6 4 2 3 1
6 4 4 2 4 1
0 11 4 3 1 0
2 12 4 3 2 1
10 7 4 3 3 1
11 6 4 3 4 1
0 6 4 4 1 0
2 7 4 4 2 1
4 1 4 4 3 1
4 1 4 4 4 1
2 17 5 1 1 1
1 16 5 1 2 1
2 1 5 1 3 1
2 3 5 1 4 1
1 9 5 2 1 1
9 17 5 2 2 1
1 8 5 2 3 1
3 1 5 2 4 1
0 7 5 3 1 0
3 8 5 3 2 1
5 4 5 3 3 1
4 4 5 3 4 1
0 6 5 4 1 0
2 2 5 4 2 1
3 5 5 4 3 1
3 0 5 4 4 1
1 21 6 1 1 1
0 17 6 1 2 0
0 5 6 1 3 0
0 3 6 1 4 0
0 6 6 2 1 0
0 7 6 2 2 0
0 5 6 2 3 0
2 3 6 2 4 1
0 6 6 3 1 0
1 7 6 3 2 1
1 1 6 3 3 1
2 2 6 3 4 1
0 1 6 4 1 0
0 2 6 4 2 0
0 13 7 1 1 0
0 2 7 1 2 0
0 1 7 1 4 0
0 2 7 2 1 0
0 6 7 2 2 0
0 1 7 2 3 0
0 1 7 2 4 0
0 4 7 3 1 0
0 3 7 3 2 0
0 2 7 4 1 0
0 1 7 4 2 0
0 2 7 4 4 0
0 15 8 1 1 0
0 5 8 1 2 0
0 1 8 1 3 0
0 1 8 1 4 0
0 3 8 2 1 0
0 2 8 2 2 0
0 7 8 3 1 0
0 2 8 3 2 0
0 3 8 3 3 0
1 4 8 3 4 1
0 4 8 4 1 0
0 6 8 4 2 0
0 3 8 4 3 0
0 16 9 1 1 0
0 5 9 1 2 0
1 3 9 1 3 1
0 3 9 1 4 0
0 8 9 2 1 0
0 2 9 2 2 0
0 2 9 2 3 0
0 3 9 3 1 0
1 4 9 3 2 1
2 3 9 3 3 1
1 3 9 3 4 1
1 3 9 4 1 1
0 5 9 4 2 0
1 3 9 4 3 1
3 1 9 4 4 1
0 16 10 1 1 0
1 5 10 1 2 1
0 8 10 1 3 0
3 2 10 1 4 1
0 7 10 2 1 0
0 4 10 2 2 0
1 1 10 2 3 1
1 2 10 2 4 1
2 5 10 3 1 1
0 8 10 3 2 0
2 4 10 3 3 1
2 3 10 3 4 1
0 3 10 4 1 0
0 3 10 4 2 0
1 1 10 4 3 1
3 4 10 4 4 1
0 24 11 1 1 0
1 11 11 1 2 1
0 4 11 1 3 0
1 2 11 1 4 1
1 4 11 2 1 1
0 3 11 2 2 0
2 1 11 2 3 1
2 0 11 2 4 1
0 6 11 3 1 0
1 7 11 3 2 1
0 2 11 3 3 0
2 3 11 3 4 1
0 3 11 4 1 0
0 4 11 4 2 0
0 1 11 4 3 0
0 1 11 4 4 0
0 22 12 1 1 0
0 18 12 1 2 0
0 8 12 1 3 0
0 1 12 1 4 0
0 6 12 2 1 0
1 6 12 2 2 1
1 2 12 2 3 1
1 0 12 2 4 1
0 3 12 3 1 0
0 3 12 3 2 0
0 1 12 3 3 0
0 1 12 3 4 0
0 3 12 4 2 0
0 3 12 4 3 0
1 0 12 4 4 1
0 2 13 1 2 0
0 1 13 1 3 0
0 1 13 2 1 0
0 1 13 2 2 0
0 2 13 2 3 0
0 2 13 3 1 0
0 2 13 3 2 0
1 2 13 3 3 1
0 2 13 3 4 0
0 1 13 4 1 0
0 3 14 1 1 0
0 3 14 1 2 0
0 2 14 1 3 0
0 2 14 1 4 0
0 1 14 3 1 0
0 2 14 3 2 0
1 2 14 3 3 1
1 0 14 3 4 1
0 1 14 4 1 0
0 1 14 4 2 0
0 1 14 4 3 0
0 1 14 4 4 0
0 15 15 1 1 0
0 16 15 1 2 0
0 8 15 1 3 0
1 8 15 1 4 1
0 6 15 2 1 0
1 4 15 2 2 1
0 4 15 2 3 0
0 3 15 2 4 0
2 11 15 3 1 1
1 12 15 3 2 1
0 4 15 3 3 0
3 6 15 3 4 1
1 2 15 4 1 1
2 1 15 4 2 1
2 2 15 4 3 1
4 4 15 4 4 1
0 23 16 1 1 0
0 22 16 1 2 0
1 10 16 1 3 1
0 7 16 1 4 0
0 13 16 2 1 0
1 16 16 2 2 1
0 10 16 2 3 0
1 4 16 2 4 1
1 10 16 3 1 1
1 22 16 3 2 1
3 5 16 3 3 1
2 14 16 3 4 1
0 5 16 4 1 0
2 7 16 4 2 1
0 2 16 4 3 0
4 9 16 4 4 1
0 21 17 1 1 0
0 22 17 1 2 0
1 11 17 1 3 1
0 10 17 1 4 0
0 10 17 2 1 0
0 14 17 2 2 0
1 5 17 2 3 1
0 6 17 2 4 0
5 12 17 3 1 1
2 13 17 3 2 1
1 3 17 3 3 1
0 9 17 3 4 0
0 1 17 4 1 0
1 4 17 4 2 1
1 1 17 4 3 1
0 5 17 4 4 0
0 15 18 1 1 0
0 7 18 1 2 0
0 4 18 1 3 0
0 2 18 1 4 0
1 5 18 2 1 1
0 3 18 2 2 0
1 1 18 2 3 1
0 1 18 2 4 0
0 6 18 3 1 0
1 5 18 3 2 1
0 3 18 3 3 0
1 4 18 3 4 1
0 2 18 4 1 0
0 8 19 1 1 0
0 5 19 1 2 0
0 3 19 1 3 0
0 1 19 1 4 0
0 5 19 2 1 0
0 4 19 2 2 0
0 1 19 2 3 0
0 1 19 2 4 0
0 5 19 3 1 0
0 7 19 3 2 0
0 1 19 3 3 0
0 1 19 3 4 0
0 3 19 4 1 0
0 1 19 4 2 0
1 1 19 4 4 1
0 13 20 1 1 0
0 8 20 1 2 0
0 2 20 1 3 0
0 1 20 1 4 0
0 4 20 2 1 0
0 4 20 2 2 0
0 1 20 2 3 0
0 10 20 3 1 0
0 4 20 3 2 0
0 3 20 3 3 0
0 4 20 3 4 0
0 1 20 4 1 0
1 1 20 4 3 1
3 0 20 4 4 1
0 16 21 1 1 0
0 9 21 1 2 0
0 2 21 1 3 0
0 2 21 1 4 0
0 4 21 2 1 0
0 3 21 2 2 0
0 3 21 2 3 0
1 2 21 2 4 1
0 11 21 3 1 0
0 6 21 3 2 0
0 1 21 3 3 0
1 0 21 3 4 1
0 2 21 4 1 0
1 1 21 4 2 1
0 1 21 4 3 0
1 0 21 4 4 1
0 12 22 1 1 0
0 11 22 1 2 0
0 2 22 1 3 0
0 6 22 2 1 0
1 2 22 2 2 1
0 4 22 2 3 0
0 1 22 2 4 0
1 12 22 3 1 1
1 9 22 3 2 1
2 5 22 3 3 1
2 1 22 3 4 1
0 2 22 4 1 0
1 1 22 4 2 1
2 1 22 4 3 1
1 1 22 4 4 1
0 17 23 1 1 0
0 11 23 1 2 0
0 1 23 1 3 0
0 5 23 1 4 0
0 10 23 2 1 0
0 2 23 2 2 0
0 1 23 2 3 0
0 3 23 2 4 0
4 9 23 3 1 1
0 4 23 3 2 0
1 6 23 3 3 1
0 4 23 3 4 0
1 4 23 4 2 1
2 2 23 4 4 1
0 6 24 1 1 0
1 6 24 1 2 1
0 2 24 1 3 0
0 2 24 1 4 0
0 2 24 2 1 0
1 3 24 2 2 1
0 1 24 2 4 0
1 2 24 3 1 1
0 1 24 3 2 0
0 1 24 4 3 0
0 7 25 1 1 0
0 4 25 1 2 0
0 2 25 2 2 0
0 1 25 2 4 0
0 1 25 3 1 0
0 4 25 3 2 0
0 1 25 3 3 0
0 11 26 1 1 0
0 14 26 1 2 0
0 2 26 1 3 0
0 2 26 1 4 0
0 6 26 2 1 0
0 2 26 2 2 0
1 1 26 2 4 1
0 2 26 3 1 0
0 4 26 3 2 0
0 2 26 3 3 0
0 1 26 4 1 0
0 3 26 4 2 0
0 1 26 4 3 0
0 10 27 1 1 0
0 8 27 1 2 0
0 3 27 1 3 0
0 3 27 1 4 0
0 4 27 2 1 0
1 6 27 2 2 1
0 2 27 2 3 0
1 0 27 2 4 1
0 5 27 3 1 0
7 10 27 3 2 1
2 8 27 3 3 1
1 2 27 3 4 1
0 3 27 4 1 0
1 2 27 4 2 1
1 2 27 4 4 1
0 11 28 1 1 0
1 15 28 1 2 1
0 7 28 1 3 0
0 3 28 1 4 0
1 7 28 2 1 1
1 11 28 2 2 1
2 7 28 2 3 1
3 2 28 2 4 1
2 14 28 3 1 1
3 14 28 3 2 1
6 5 28 3 3 1
5 0 28 3 4 1
2 7 28 4 1 1
0 6 28 4 2 0
2 4 28 4 3 1
3 2 28 4 4 1
0 11 29 1 1 0
0 10 29 1 2 0
0 4 29 1 3 0
1 1 29 1 4 1
0 10 29 2 1 0
1 8 29 2 2 1
0 1 29 2 3 0
3 4 29 2 4 1
3 10 29 3 1 1
2 4 29 3 2 1
1 5 29 3 3 1
2 3 29 3 4 1
0 6 29 4 1 0
0 2 29 4 2 0
1 0 29 4 3 1
3 0 29 4 4 1
0 12 30 1 1 0
1 5 30 1 2 1
0 4 30 1 3 0
0 2 30 1 4 0
0 6 30 2 1 0
1 5 30 2 2 1
0 4 30 2 3 0
0 2 30 2 4 0
0 2 30 3 1 0
0 2 30 3 2 0
0 1 30 3 3 0
1 2 30 3 4 1
0 3 30 4 1 0
0 1 30 4 2 0
0 1 30 4 3 0
1 0 30 4 4 1
0 17 31 1 1 0
0 8 31 1 2 0
0 4 31 1 3 0
0 18 31 2 1 0
0 7 31 2 2 0
0 2 31 2 4 0
0 12 31 3 1 0
0 4 31 3 2 0
0 1 31 3 4 0
0 1 31 4 1 0
0 2 31 4 2 0
0 18 32 1 1 0
0 14 32 1 2 0
0 3 32 1 3 0
0 9 32 2 1 0
0 10 32 2 2 0
0 3 32 2 3 0
0 1 32 2 4 0
0 11 32 3 1 0
0 11 32 3 2 0
1 5 32 3 3 1
0 2 32 3 4 0
0 3 32 4 1 0
0 1 32 4 3 0
1 0 32 4 4 1
0 11 33 1 1 0
0 13 33 1 2 0
0 3 33 1 3 0
1 7 33 2 1 1
1 6 33 2 2 1
4 5 33 2 3 1
1 4 33 2 4 1
1 7 33 3 1 1
2 9 33 3 2 1
2 8 33 3 3 1
2 5 33 3 4 1
0 4 33 4 1 0
1 0 33 4 2 1
1 2 33 4 3 1
0 4 33 4 4 0
1 9 34 1 1 1
0 7 34 1 2 0
0 1 34 1 3 0
0 4 34 1 4 0
0 5 34 2 1 0
2 10 34 2 2 1
2 8 34 2 3 1
1 1 34 2 4 1
0 10 34 3 1 0
3 9 34 3 2 1
2 3 34 3 3 1
2 4 34 3 4 1
0 5 34 4 1 0
0 4 34 4 2 0
0 2 34 4 3 0
0 4 34 4 4 0
0 11 35 1 1 0
1 15 35 1 2 1
1 5 35 1 3 1
1 5 35 1 4 1
2 5 35 2 1 1
1 10 35 2 2 1
2 6 35 2 3 1
3 4 35 2 4 1
1 5 35 3 1 1
2 4 35 3 2 1
0 2 35 3 3 0
0 2 35 3 4 0
0 4 35 4 1 0
0 1 35 4 2 0
0 1 35 4 3 0
1 2 35 4 4 1
0 13 36 1 1 0
0 12 36 1 2 0
0 4 36 1 3 0
0 3 36 1 4 0
0 4 36 2 1 0
0 2 36 2 2 0
1 5 36 2 3 1
1 2 36 2 4 1
0 1 36 3 1 0
1 8 36 3 2 1
0 4 36 3 3 0
0 1 36 3 4 0
0 3 36 4 1 0
0 1 36 4 3 0
0 1 36 4 4 0
